layout_spectrum: 0.4796894
typography_spectrum: 0.4151732
color:
  saturation: 0.2801673
  lightness: 0.3148148
  brandStrength: 0
  rhythmicContrast: 0.2980884
name: YogaPedic
